delta 3
u 3 0.2 0.08726646259971647
x 3 1.6205693690827907 -2.328738188559498 0.7853981633974483
z 3 2 4.755141034819141 0.487527048836269 -1.7710125915428279
z 3 4 3.064256612757587 0.9710635257707162 -1.2570785373662465
u 4 0.2 0.08726646259971647
x 4 1.984784023518451 -1.8540844097383538 1.0471975511965976
z 4 3 5.844055657323944 0.8370300885397584 -1.1963925099659811
z 4 4 2.8588603711392975 0.9541212830200199 -1.0521952831644872
u 5 0.2 0.08726646259971647
x 5 2.2137389267620122 -1.301338377155929 1.308996938995747
z 5 2 3.9476275292346523 0.04807460439791404 -1.6885885603688258
z 5 3 5.873658426080867 0.6487212211398976 -1.0807489295098687
z 5 4 2.32154094102543 0.8972564471729527 -0.7982755476778963
u 6 0.2 0.08726646259971647
x 6 2.291831180523293 -0.7081688194767076 1.5707963267948963
z 6 2 2.617678078213431 -0.3662661272179986 -1.701252500753158
z 6 4 1.7730621247125093 0.7477235365568901 -0.5301698942907751
u 7 0.2 0.08726646259971647
x 7 2.2137389267620127 -0.11499926179748621 1.8325957145940457
z 7 2 2.5098203880290906 -0.7567887868273514 -1.8918816918141412
z 7 3 4.23075035960238 0.09904733477304097 -1.0370285406207382
z 7 4 1.1965591757026317 0.7930802458893406 -0.28202629146294106
u 8 0.2 0.08726646259971647
x 8 1.9847840235184517 0.43774677078493895 2.0943951023931953
z 8 0 5.906147197308561 0.5592183232171106 -0.11670710775598755
z 8 3 3.1398554262952194 -0.24383249987735636 -0.9833295225858064
z 8 4 0.9452955655448718 1.0310355272034295 0.24416635787806662
u 9 0.2 0.08726646259971647
x 9 1.620569369082791 0.9124005496060839 2.356194490192345
z 9 0 5.519235113820047 0.5576505937786039 -0.08052270627580578
z 9 3 2.841909915985594 -0.5489037100521401 -1.0910138818813768
u 10 0.2 0.08726646259971647
x 10 1.1459155902616462 1.2766152040417447 2.6179938779914944
z 10 0 4.954360222964682 0.3267860115067234 -0.023367619882513624
z 10 3 2.1700103613687003 -0.9643736278036237 -1.3771736230115355
z 10 5 5.418632521811746 0.9803155977986253 0.6739196624549362
u 11 0.2 0.08726646259971647
x 11 0.5931695576792211 1.5055701072853056 2.879793265790644
z 11 0 4.449503420378214 -0.03177859967758696 -0.002830213867439157
z 11 5 3.7115044400499873 0.8086534659015213 0.8300786593438874
u 12 0.2 0.08726646259971647
x 12 -7.771561172376096e-16 1.5836623610465859 3.1415926535897936
u 13 0.2 0.08726646259971647
x 13 -0.5931695576792226 1.5055701072853054 3.403392041388943
z 13 0 2.4809807445956547 -0.6760508582249836 -0.17320329387667244
z 13 5 3.11357534607514 0.6475757468266286 1.0891959669866151
u 14 0.2 0.08726646259971647
x 14 -1.1459155902616476 1.2766152040417438 3.6651914291880927
u 15 0.2 0.08726646259971647
x 15 -1.620569369082792 0.9124005496060827 3.9269908169872423
z 15 5 1.6720788418651105 0.24850682266714738 1.2616158012279188
u 16 0.2 0.08726646259971647
x 16 -1.9847840235184517 0.4377467707849386 4.188790204786391
z 16 5 0.9104420781231691 -0.10952981566927876 1.3759576163251335
u 17 0.2 0.08726646259971647
x 17 -2.2137389267620127 -0.11499926179748587 4.4505895925855405
z 17 1 5.3880639053346355 0.9502168998594094 2.687441713196836
u 18 0.2 0.08726646259971647
x 18 -2.291831180523293 -0.7081688194767067 4.71238898038469
z 18 1 5.196930939665793 0.8546099403353876 2.799395485010663
u 19 0.2 0.08726646259971647
x 19 -2.2137389267620127 -1.3013383771559277 4.974188368183839
z 19 1 4.421974674990536 0.5181606551603725 2.946393155194996
u 20 0.2 0.08726646259971647
x 20 -1.9847840235184522 -1.854084409738352 5.235987755982988
z 20 1 3.759517411283751 0.3361903484899704 2.979733996203479
u 21 0.2 0.08726646259971647
x 21 -1.6205693690827927 -2.3287381885594964 5.497787143782137
z 21 1 2.65640058415703 0.07561134591797451 3.100138483842349
u 22 0.2 0.08726646259971647
x 22 -1.1459155902616491 -2.6929528429951572 5.759586531581286
z 22 1 2.259800607590627 -0.31893413654806846 3.0243281508727455
u 23 0.2 0.08726646259971647
x 23 -0.5931695576792252 -2.921907746238719 6.021385919380435
z 23 4 3.2889024567801117 0.8874150209166074 -1.625593983089377
u 24 0.2 0.08726646259971647
x 24 -4.440892098500626e-15 -3.0 6.2831853071795845
z 24 2 4.957715142953716 0.30972945777249783 -1.9241088181417418
u 25 0.2 0.08726646259971647
x 25 0.5931695576792165 -2.921907746238721 6.544984694978734
z 25 2 5.031755614899305 0.039309088306133944 -1.8853882436134244
u 26 0.2 0.08726646259971647
x 26 1.1459155902616414 -2.6929528429951617 6.806784082777883
z 26 2 4.296644178774889 -0.34064400786128496 -1.8807994139299
z 26 3 5.089725293962821 0.3642292403871072 -1.2495274257989701
z 26 4 1.9829180612382253 0.43126695875294135 -1.1608734172619526
u 27 0.2 0.08726646259971647
x 27 1.6205693690827863 -2.328738188559503 7.068583470577032
z 27 0 6.1295331061515075 0.9168921881203955 -0.32700175212472904
z 27 2 2.8956432748513317 -0.7736656737070863 -2.0698277740570563
z 27 3 4.207542016466364 0.07517069832301879 -1.1222288090816803
z 27 4 0.8936104698462106 0.25262656326319666 -1.0488877332935496
u 28 0.2 0.08726646259971647
x 28 1.9847840235184477 -1.8540844097383604 7.330382858376181
z 28 0 5.047994114113846 0.8106177321282613 -0.10463743222150132
z 28 3 3.373838409796068 -0.13661569380118332 -1.2462091273615552
u 29 0.2 0.08726646259971647
x 29 2.2137389267620105 -1.3013383771559368 7.59218224617533
z 29 0 5.413610054406319 0.6241231215368245 -0.15699131967135463
z 29 3 3.045810111123336 -0.49163139454194055 -1.3115327845212013
u 30 0.2 0.08726646259971647
x 30 2.291831180523293 -0.7081688194767162 7.853981633974479
z 30 3 2.078210277861865 -0.9636930210279792 -1.4631489132377224
u 31 0.2 0.08726646259971647
x 31 2.213738926762015 -0.11499926179749509 8.115781021773628
z 31 0 3.5107411846862937 0.3441515166724994 0.033416049000084755
u 32 0.2 0.08726646259971647
x 32 1.9847840235184566 0.4377467707849303 8.377580409572777
z 32 0 2.5240382154077055 -0.07362025355687164 -0.03493574273511143
z 32 5 3.223490976345116 0.9886111107674403 1.0072671874042285
u 33 0.2 0.08726646259971647
x 33 1.6205693690827987 0.912400549606076 8.639379797371927
z 33 0 2.251196324698469 -0.36342746374455764 -0.012093801372889245
z 33 5 3.3668867384403587 0.9133344216815923 1.225406110317762
u 34 0.2 0.08726646259971647
x 34 1.1459155902616565 1.2766152040417384 8.901179185171076
z 34 0 1.2875797034250904 -0.7989276489271984 -0.35044461747033007
z 34 5 2.7084275043681947 0.8228263905093076 1.4262294368872466
u 35 0.2 0.08726646259971647
x 35 0.5931695576792336 1.505570107285302 9.162978572970225
z 35 5 2.553743692166636 0.7253739260286386 1.6438489507393956
u 36 0.2 0.08726646259971647
x 36 1.3100631690576847e-14 1.5836623610465856 9.424777960769374
z 36 5 1.498983829080818 0.6911250705583283 1.9063288640579445
u 37 0.2 0.08726646259971647
x 37 -0.5931695576792083 1.505570107285309 9.686577348568523
z 37 5 0.897005184565038 0.8311702713790617 2.3318253699798714
u 38 0.2 0.08726646259971647
x 38 -1.145915590261634 1.2766152040417516 9.948376736367672
u 39 0.2 0.08726646259971647
x 39 -1.6205693690827805 0.9124005496060943 10.210176124166821
z 39 1 4.627453492589593 0.7656624620773901 2.9174834140496215
u 40 0.2 0.08726646259971647
x 40 -1.9847840235184435 0.43774677078495294 10.47197551196597
z 40 1 5.014164783379418 0.6318047052269339 3.0194042809461883
u 41 0.2 0.08726646259971647
x 41 -2.2137389267620082 -0.11499926179746978 10.73377489976512
z 41 1 4.666025666134127 0.4583708113200852 3.1195331029778544
u 42 0.2 0.08726646259971647
x 42 -2.291831180523293 -0.70816881947669 10.995574287564269
u 43 0.2 0.08726646259971647
x 43 -2.213738926762017 -1.3013383771559115 11.257373675363418
z 43 1 3.0790330933424577 0.1352524140410995 -3.054118169410826
u 44 0.2 0.08726646259971647
x 44 -1.9847840235184606 -1.8540844097383378 11.519173063162567
z 44 1 2.374370573227656 -0.15033176395898096 -3.0329252596558027
u 45 0.2 0.08726646259971647
x 45 -1.6205693690828045 -2.328738188559485 11.780972450961716
z 45 4 3.704771968728685 0.9867857732954874 -1.6955135095558964
u 46 0.2 0.08726646259971647
x 46 -1.1459155902616636 -2.6929528429951493 12.042771838760865
z 46 2 5.665679763964938 0.6872835857534798 -1.8520555555016305
z 46 4 3.276975798869753 1.0082328287316549 -1.50743330106186
u 47 0.2 0.08726646259971647
x 47 -0.5931695576792414 -2.921907746238715 12.304571226560014
z 47 2 3.949900104947954 0.4275468986649367 -1.8514028659078774
z 47 4 3.6262641000906664 0.9411621445855274 -1.3778813713295757
u 48 0.2 0.08726646259971647
x 48 -2.1316282072803006e-14 -3.0000000000000004 12.566370614359164
z 48 2 4.311035489586887 0.19184640052551907 -1.8152264572164456
z 48 3 5.00255493074643 0.7943907288709292 -1.2153424626263956
z 48 4 2.31258894775181 0.8890080522368615 -1.2206746087593876
u 49 0.2 0.08726646259971647
x 49 0.5931695576792003 -2.9219077462387255 12.828170002158313
z 49 2 3.8202655648442763 0.003051123661328238 -1.7851816522050608
z 49 3 4.355685301703962 0.594994019116069 -1.1500745214121477
u 50 0.2 0.08726646259971647
x 50 1.145915590261627 -2.69295284299517 13.089969389957462
z 50 2 2.7877472863422494 -0.2620469003797613 -1.8310431451625293
z 50 3 4.3686837424221014 0.5467951198750556 -1.0610380108471908
z 50 4 1.4187172790119456 0.9963409442836731 -0.571672631635255
u 51 0.2 0.08726646259971647
x 51 1.6205693690827745 -2.328738188559515 13.351768777756611
z 51 2 2.1058400480906974 -0.5815127954707792 -1.9706602252040142
z 51 3 4.060175041450007 0.403469970733483 -0.9031453413931358
u 52 0.2 0.08726646259971647
x 52 1.9847840235184395 -1.854084409738375 13.61356816555576
z 52 0 6.6087935354387035 1.0728941793114357 -0.05756198254217587
z 52 3 3.0065374546421157 0.20938233678939172 -0.8771123744738902
u 53 0.2 0.08726646259971647
x 53 2.213738926762006 -1.301338377155953 13.87536755335491
z 53 0 4.292604224962937 0.8177970675394799 0.010438318983258808
z 53 3 2.4073954293913813 -0.025007166233561563 -0.8300267946635591
u 54 0.2 0.08726646259971647
x 54 2.291831180523293 -0.708168819476733 14.137166941154058
z 54 0 4.761076586394437 0.8152136820750202 0.10871168676800834
z 54 3 1.647084960347087 -0.29380562309518293 -1.0032003029715824
u 55 0.2 0.08726646259971647
x 55 2.2137389267620193 -0.1149992617975113 14.398966328953207
z 55 0 3.5053877513068192 0.6930816357186494 0.2866973397674393
z 55 3 1.2193281149279986 -0.9225538305212911 -1.2553789081917528
u 56 0.2 0.08726646259971647
x 56 1.9847840235184648 0.43774677078491575 14.660765716752357
z 56 0 4.022159518584234 0.47228852343720207 0.3093786739553659
u 57 0.2 0.08726646259971647
x 57 1.6205693690828105 0.9124005496060639 14.922565104551506
z 57 0 3.0895327052528687 0.2659932505003201 0.4173263342843337
u 58 0.2 0.08726646259971647
x 58 1.145915590261671 1.2766152040417298 15.184364492350655
z 58 0 2.3335406932584286 0.16068215109453832 0.4238116971897635
z 58 5 3.6991004059053476 0.9691274479837014 1.2900041856215854
u 59 0.2 0.08726646259971647
x 59 0.5931695576792495 1.5055701072852976 15.446163880149804
z 59 0 1.6536436099124243 -0.21627821271100794 0.3595663563672777
z 59 5 3.3175783464609845 0.8190588623353471 1.3933024309354285
u 60 0.2 0.08726646259971647
x 60 2.964295475749168e-14 1.5836623610465856 15.707963267948953
z 60 0 1.0090560249221294 -0.7376003892292253 0.06796933466194326
u 61 0.2 0.08726646259971647
x 61 -0.5931695576791922 1.5055701072853132 15.969762655748102
z 61 5 2.7255570600045687 0.5047198555012782 1.7841511787873583
