delta 1
u 0 0.2 0.08726646259971647
x 0 1.1459155902616462 -2.6929528429951586 0.5235987755982988
z 0 2 5.848282070191013 0.6782483735020651 -1.947576060563651
z 0 4 2.997519537482185 0.8976601072333843 -1.5313894840312896
u 1 0.2 0.08726646259971647
x 1 1.6205693690827907 -2.328738188559498 0.7853981633974483
z 1 2 6.135476678172091 0.4257504949916981 -1.9051536170916388
z 1 4 3.4793984692972213 0.8088483524930802 -1.3850929234434612
u 2 0.2 0.08726646259971647
x 2 1.984784023518451 -1.8540844097383538 1.0471975511965976
z 2 4 2.7245762736719774 0.6203879561848502 -1.2857631211001215
u 3 0.2 0.08726646259971647
x 3 2.2137389267620122 -1.301338377155929 1.308996938995747
z 3 2 4.279538973158411 -0.2538315370688977 -1.8043457365238516
z 3 3 5.785387221808983 0.42072634716084256 -1.2767265975452453
z 3 4 2.6538967092780537 0.5223374646049239 -1.1886348054447935
u 4 0.2 0.08726646259971647
x 4 2.291831180523293 -0.7081688194767076 1.5707963267948963
z 4 2 4.586067438023574 -0.5428702000076422 -1.9104717163518472
z 4 3 6.151754759476577 0.19104970910500557 -1.2302059697313381
u 5 0.2 0.08726646259971647
x 5 2.2137389267620127 -0.11499926179748621 1.8325957145940457
z 5 2 3.4811774725034086 -0.8468801058106442 -1.9495876328075052
z 5 3 4.378632895906677 -0.09949866194370478 -1.227459022045082
z 5 4 1.2902508025065846 0.014724920851001681 -1.0860263202900187
u 6 0.2 0.08726646259971647
x 6 1.9847840235184517 0.43774677078493895 2.0943951023931953
z 6 0 6.182950804779474 0.4754184701681378 -0.25760529299548035
z 6 3 4.963092272354023 -0.45046409747110144 -1.1847776023985064
z 6 4 0.656842874367508 -0.40869938220473867 -1.104403225483639
z 6 5 5.0038070871455815 1.0799143475940387 0.3174328388377155
u 7 0.2 0.08726646259971647
x 7 1.620569369082791 0.9124005496060839 2.356194490192345
z 7 0 3.9467627682800384 0.26372289737117605 -0.23779987687582593
z 7 3 3.5098955403802736 -0.801705563090231 -1.280575353635994
z 7 5 3.592858304939228 0.9469388535746738 0.4182742455864766
u 8 0.2 0.08726646259971647
x 8 1.1459155902616462 1.2766152040417447 2.6179938779914944
z 8 0 5.304485246365031 0.08587705329074818 -0.2113609470674015
z 8 5 4.501995723412623 0.8089760872756372 0.5397750410616381
u 9 0.2 0.08726646259971647
x 9 0.5931695576792211 1.5055701072853056 2.879793265790644
z 9 0 3.9714401751834654 -0.15090438567356476 -0.2299415262021533
z 9 5 3.780715843008946 0.7187464553849927 0.6567447039902996
u 10 0.2 0.08726646259971647
x 10 -7.771561172376096e-16 1.5836623610465859 3.1415926535897936
z 10 0 3.195316682295119 -0.4802977582509507 -0.2900577414807853
z 10 5 3.3707355891507915 0.5607617691537014 0.7227774967827725
u 11 0.2 0.08726646259971647
x 11 -0.5931695576792226 1.5055701072853054 3.403392041388943
z 11 0 2.84950054135136 -0.8657993142715502 -0.409776561454229
z 11 5 2.4928400810465594 0.4654673973217929 0.8717174811570366
u 12 0.2 0.08726646259971647
x 12 -1.1459155902616476 1.2766152040417438 3.6651914291880927
z 12 5 1.9735357293214322 0.3326347842648131 0.9570475237298367
u 13 0.2 0.08726646259971647
x 13 -1.620569369082792 0.9124005496060827 3.9269908169872423
z 13 5 1.4953669631171675 0.03466953801774385 1.0405101595973392
u 14 0.2 0.08726646259971647
x 14 -1.9847840235184517 0.4377467707849386 4.188790204786391
z 14 5 0.8154216951738261 -0.27489882284757083 0.947730095946105
u 15 0.2 0.08726646259971647
x 15 -2.2137389267620127 -0.11499926179748587 4.4505895925855405
u 16 0.2 0.08726646259971647
x 16 -2.291831180523293 -0.7081688194767067 4.71238898038469
u 17 0.2 0.08726646259971647
x 17 -2.2137389267620127 -1.3013383771559277 4.974188368183839
z 17 1 5.8298341999108425 0.9806587355740392 2.967402026857254
u 18 0.2 0.08726646259971647
x 18 -1.9847840235184522 -1.854084409738352 5.235987755982988
u 19 0.2 0.08726646259971647
x 19 -1.6205693690827927 -2.3287381885594964 5.497787143782137
z 19 1 4.432714254589145 0.6737421369582751 3.1477188058648617
u 20 0.2 0.08726646259971647
x 20 -1.1459155902616491 -2.6929528429951572 5.759586531581286
z 20 1 3.514798184370533 0.6151670353788133 -3.0398076411570445
u 21 0.2 0.08726646259971647
x 21 -0.5931695576792252 -2.921907746238719 6.021385919380435
z 21 1 2.6093210708302204 0.4360849037902155 -3.033645380728301
u 22 0.2 0.08726646259971647
x 22 -4.440892098500626e-15 -3.0 6.2831853071795845
z 22 1 2.3441737566717116 0.12303710847646301 -2.9280847109985175
u 23 0.2 0.08726646259971647
x 23 0.5931695576792165 -2.921907746238721 6.544984694978734
u 24 0.2 0.08726646259971647
x 24 1.1459155902616414 -2.6929528429951617 6.806784082777883
z 24 1 1.20690697866796 -0.5993952545640375 -3.0394439622842593
z 24 4 3.9965293972826887 1.052860454103583 -1.5919440543380434
u 25 0.2 0.08726646259971647
x 25 1.6205693690827863 -2.328738188559503 7.068583470577032
z 25 2 6.529176718342318 0.43448694985661634 -1.8299210350761743
u 26 0.2 0.08726646259971647
x 26 1.9847840235184477 -1.8540844097383604 7.330382858376181
u 27 0.2 0.08726646259971647
x 27 2.2137389267620105 -1.3013383771559368 7.59218224617533
z 27 2 5.018698823536367 0.006151754621517767 -1.7320378128162233
z 27 3 4.802989600676503 0.5976366367306601 -1.2402426340403916
u 28 0.2 0.08726646259971647
x 28 2.291831180523293 -0.7081688194767162 7.853981633974479
z 28 2 5.162314217751872 -0.23258543769248144 -1.901287642584132
z 28 3 5.851610376994004 0.4041415325583861 -1.208124762817013
z 28 4 2.449372504441032 0.43761180707150066 -1.177159581285359
u 29 0.2 0.08726646259971647
x 29 2.213738926762015 -0.11499926179749509 8.115781021773628
z 29 2 3.92715647898739 -0.5657078282890532 -1.903018403951306
z 29 3 5.396730510843972 0.21202798449528368 -1.145703398316276
z 29 4 2.053358546187119 0.22410829616700512 -1.0797718448761708
u 30 0.2 0.08726646259971647
x 30 1.9847840235184566 0.4377467707849303 8.377580409572777
z 30 0 4.89282202870813 0.6825624126614801 -0.36323865954861995
z 30 2 3.9249701482119352 -1.0756367567183158 -2.031400509135183
z 30 3 4.603905366382548 -0.17650506074594016 -1.1966527271160081
z 30 4 1.2725962227808243 -0.02132089789686716 -1.003657499093761
u 31 0.2 0.08726646259971647
x 31 1.6205693690827987 0.912400549606076 8.639379797371927
z 31 0 5.33105651722284 0.5678156168668101 -0.38402279553324714
z 31 3 5.077770182634333 -0.3941349742406228 -1.2571696214943011
z 31 4 0.615438197178254 -0.40361853654016794 -1.203418917297122
u 32 0.2 0.08726646259971647
x 32 1.1459155902616565 1.2766152040417384 8.901179185171076
z 32 0 5.499523200034552 0.26137582204271137 -0.30016909898756616
z 32 3 3.5420331069367177 -0.8400400922581658 -1.3004480228884414
z 32 5 4.099117084353882 0.9085572842988968 0.4832554979184508
u 33 0.2 0.08726646259971647
x 33 0.5931695576792336 1.505570107285302 9.162978572970225
z 33 0 5.070812818236058 0.07285017509739722 -0.23391139752936366
z 33 5 4.456198393875585 0.8491357456010153 0.5857403931532348
u 34 0.2 0.08726646259971647
x 34 1.3100631690576847e-14 1.5836623610465856 9.424777960769374
z 34 0 4.034513672057371 -0.2598790422930536 -0.26556465564444204
z 34 5 3.9032145311429485 0.675692125427255 0.6153281947284924
u 35 0.2 0.08726646259971647
x 35 -0.5931695576792083 1.505570107285309 9.686577348568523
z 35 0 3.35889689904875 -0.5749279394200618 -0.3319793925482843
z 35 5 3.1035640135451694 0.45590475280929577 0.7375884024420316
u 36 0.2 0.08726646259971647
x 36 -1.145915590261634 1.2766152040417516 9.948376736367672
z 36 0 2.5333959439657945 -0.9080669214548385 -0.45818349355860266
z 36 5 2.666785256971143 0.3994754548432162 0.818824226053708
u 37 0.2 0.08726646259971647
x 37 -1.6205693690827805 0.9124005496060943 10.210176124166821
z 37 5 1.9105205012916362 0.14423039052767853 0.8979091713869203
u 38 0.2 0.08726646259971647
x 38 -1.9847840235184435 0.43774677078495294 10.47197551196597
z 38 5 1.3257563531449177 -0.15057549157061295 0.8591005193952843
u 39 0.2 0.08726646259971647
x 39 -2.2137389267620082 -0.11499926179746978 10.73377489976512
z 39 5 0.8319971005685303 -0.5042837714018295 0.7139215644551791
u 40 0.2 0.08726646259971647
x 40 -2.291831180523293 -0.70816881947669 10.995574287564269
u 41 0.2 0.08726646259971647
x 41 -2.213738926762017 -1.3013383771559115 11.257373675363418
u 42 0.2 0.08726646259971647
x 42 -1.9847840235184606 -1.8540844097383378 11.519173063162567
z 42 1 3.92508028829896 0.8876038271991176 2.9854904564775375
u 43 0.2 0.08726646259971647
x 43 -1.6205693690828045 -2.328738188559485 11.780972450961716
z 43 1 4.425080267724294 0.6869477956140171 3.0638140931624824
u 44 0.2 0.08726646259971647
x 44 -1.1459155902616636 -2.6929528429951493 12.042771838760865
z 44 1 3.32435949042344 0.4933219290015839 3.0826097832507053
u 45 0.2 0.08726646259971647
x 45 -0.5931695576792414 -2.921907746238715 12.304571226560014
z 45 1 3.4765297203180197 0.3260838454354153 -3.0592647829674795
u 46 0.2 0.08726646259971647
x 46 -2.1316282072803006e-14 -3.0000000000000004 12.566370614359164
z 46 1 2.1657322826913337 0.031122976572125417 -3.083017860929709
u 47 0.2 0.08726646259971647
x 47 0.5931695576792003 -2.9219077462387255 12.828170002158313
z 47 1 1.875923105245519 -0.21681742580137148 -3.0976658254220544
u 48 0.2 0.08726646259971647
x 48 1.145915590261627 -2.69295284299517 13.089969389957462
z 48 1 1.1911325272674278 -0.8141614503233242 2.957873631358228
z 48 4 4.344767496743811 0.9373852184883709 -1.5739512530020439
u 49 0.2 0.08726646259971647
x 49 1.6205693690827745 -2.328738188559515 13.351768777756611
z 49 2 5.122322060475539 0.3345448222716364 -1.8765079041368458
z 49 4 3.6585753229750093 0.7546842626935765 -1.5105773533302573
u 50 0.2 0.08726646259971647
x 50 1.9847840235184395 -1.854084409738375 13.61356816555576
z 50 2 5.562120347140137 0.11852073678544195 -1.878285914303657
z 50 4 2.8614881344649006 0.546067251105129 -1.4480492020909466
u 51 0.2 0.08726646259971647
x 51 2.213738926762006 -1.301338377155953 13.87536755335491
z 51 2 5.791757281241808 -0.23025077354761045 -1.8906230200092922
z 51 3 5.8311891783383 0.3771923346804522 -1.2608156337170733
u 52 0.2 0.08726646259971647
x 52 2.291831180523293 -0.708168819476733 14.137166941154058
z 52 2 4.518049470332997 -0.5348939677728645 -1.9287420457168898
z 52 3 4.654936421719734 0.1260258153114616 -1.1891263219060488
z 52 4 1.8343302365370433 0.09140625197970119 -1.2129171628337667
u 53 0.2 0.08726646259971647
x 53 2.2137389267620193 -0.1149992617975113 14.398966328953207
z 53 0 5.968536399627915 0.6939933221888435 -0.3783773483790504
z 53 2 4.28318466095767 -0.8899902733416551 -2.008450822827999
z 53 3 4.979439569044201 -0.092383794018353 -1.2273735811305435
u 54 0.2 0.08726646259971647
x 54 1.9847840235184648 0.43774677078491575 14.660765716752357
z 54 0 5.556457788512387 0.5382281283716587 -0.3573521361740846
z 54 3 3.990853160085537 -0.41724045738033966 -1.3046011717463923
u 55 0.2 0.08726646259971647
x 55 1.6205693690828105 0.9124005496060639 14.922565104551506
z 55 0 4.708153075083001 0.43024408036031625 -0.27013214438790106
u 56 0.2 0.08726646259971647
x 56 1.145915590261671 1.2766152040417298 15.184364492350655
z 56 0 5.167094723412617 0.21961834476853448 -0.2929694774070546
u 57 0.2 0.08726646259971647
x 57 0.5931695576792495 1.5055701072852976 15.446163880149804
z 57 0 4.034292703764919 -0.13756945803205822 -0.2492909505869102
z 57 5 3.3748570771422575 0.8965148550135025 0.6295870148488921
u 58 0.2 0.08726646259971647
x 58 2.964295475749168e-14 1.5836623610465856 15.707963267948953
z 58 0 3.0329242179509097 -0.3309414716172148 -0.33800465125855783
z 58 5 2.9948962817455085 0.7575081130175396 0.8061908885449343
u 59 0.2 0.08726646259971647
x 59 -0.5931695576791922 1.5055701072853132 15.969762655748102
z 59 0 2.8418674859557895 -0.6458633704968055 -0.42722606514490274
z 59 5 2.263176737113037 0.705319587802539 0.9278487215419281
