-10.799999999999978
-72.79999999999981
-73.49999999999977
-86.09999999999964
-11.399999999999975
-42.400000000000105
-76.19999999999976
-72.5999999999998
-80.99999999999977
-44.8000000000001
-82.59999999999974
-24.900000000000095
-84.39999999999968
-14.999999999999963
-12.99999999999997
-65.60000000000001
-90.59999999999967
-93.29999999999966
-60.600000000000115
-43.80000000000008
-75.99999999999974
-47.20000000000011
-15.099999999999962
-13.599999999999968
-11.399999999999975
-10.09999999999998
-9.599999999999982
-47.4000000000001
-13.699999999999967
-57.2000000000001
-52.90000000000011
-29.600000000000076
-62.10000000000012
-11.899999999999974
-71.29999999999976
-45.30000000000012
-43.6000000000001
-11.299999999999976
-63.80000000000013
-55.80000000000008
-9.89999999999998
-68.6999999999998
-13.09999999999997
-74.39999999999974
-12.399999999999972
-66.79999999999991
-86.49999999999957
-47.40000000000007
-11.099999999999977
-74.89999999999974
-72.69999999999972
-12.199999999999973
-69.19999999999976
-68.49999999999983
-53.600000000000094
-89.79999999999976
-74.69999999999976
-76.5999999999997
-11.899999999999974
-12.399999999999972
-64.80000000000008
-63.400000000000134
-44.80000000000008
-92.39999999999966
-60.30000000000007
-66.9999999999999
-48.70000000000009
-66.59999999999992
-91.89999999999958
-53.200000000000095
-73.69999999999966
-65.6
-74.89999999999961
-74.49999999999966
-50.1000000000001
-13.499999999999968
-51.200000000000095
-48.200000000000124
-13.899999999999967
-52.30000000000011
-31.80000000000009
-62.700000000000095
-104.59999999999961
-85.89999999999966
-10.29999999999998
-54.70000000000012
-62.900000000000084
-68.89999999999975
-65.10000000000004
-16.79999999999997
-9.599999999999982
-12.599999999999971
-83.3999999999997
-11.199999999999976
-15.09999999999997
-39.80000000000012
-31.600000000000094
-11.799999999999974
-50.1000000000001
-13.399999999999968
-13.899999999999967
-49.10000000000013
-47.700000000000095
-14.499999999999964
-61.800000000000104
-64.0000000000001
-12.399999999999972
-12.599999999999971
-45.00000000000011
-42.800000000000146
-67.59999999999985
-81.59999999999971
-73.49999999999957
-11.999999999999973
-13.499999999999968
-81.39999999999974
-61.50000000000011
-51.900000000000105
-118.79999999999951
-86.2999999999997
-85.79999999999966
-15.399999999999961
-56.600000000000115
-70.69999999999978
-72.39999999999966
-12.399999999999972
-54.00000000000011
-13.499999999999968
-77.99999999999969
-81.69999999999965
-64.20000000000007
-59.40000000000013
-17.899999999999984
-62.50000000000009
-11.099999999999977
-51.200000000000074
-12.299999999999972
-75.69999999999975
-69.79999999999976
-14.799999999999963
-63.30000000000009
-94.29999999999963
-46.3000000000001
-61.100000000000136
-56.80000000000009
-80.39999999999974
-47.200000000000074
-77.19999999999969
-13.599999999999968
-54.3000000000001
-62.50000000000012
-53.40000000000007
-72.39999999999975
-60.10000000000011
-12.299999999999972
-77.2999999999996
-10.799999999999978
-63.80000000000016
-64.00000000000011
-12.299999999999972
-11.799999999999974
-52.6000000000001
-13.199999999999969
-53.600000000000094
-55.00000000000009
-38.100000000000094
-60.70000000000009
-77.39999999999966
-76.19999999999979
-47.50000000000009
-57.20000000000009
-47.50000000000007
-72.99999999999984
-12.199999999999973
-13.299999999999969
-10.499999999999979
-15.59999999999996
-12.199999999999973
-10.29999999999998
-49.90000000000009
-65.99999999999994
-83.59999999999967
-11.499999999999975
-50.20000000000013
-82.49999999999979
-63.7000000000001
-56.900000000000084
-48.60000000000014
-14.999999999999963
-76.99999999999973
-83.6999999999997
-49.600000000000115
-73.39999999999976
-73.19999999999976
-11.899999999999974
-13.299999999999969
-14.899999999999963
-11.099999999999977
-56.2000000000001
-17.399999999999977
-14.199999999999966
-50.90000000000008
-17.099999999999973
-10.899999999999977
-40.500000000000114
-11.599999999999975
-63.000000000000114
-78.49999999999976
-94.39999999999957
-57.90000000000009
-54.900000000000105
-75.79999999999964
-48.00000000000011
-12.099999999999973
-67.29999999999991
-52.10000000000008
-49.20000000000012
-13.799999999999967
-47.10000000000009
-51.50000000000008
-54.3000000000001
-31.80000000000011
-20.50000000000002
-11.299999999999976
-56.50000000000011
-75.39999999999966
-11.299999999999976
-53.00000000000011
-56.10000000000012
-60.70000000000008
-54.200000000000095
-56.40000000000011
-56.30000000000007
-57.50000000000011
-12.99999999999997
-57.100000000000115
-12.69999999999997
-57.100000000000115
-47.20000000000015
-11.499999999999975
-38.600000000000094
-11.499999999999975
-16.699999999999967
-44.40000000000009
-83.99999999999966
-50.00000000000008
-72.09999999999974
-87.99999999999967
-11.399999999999975
-92.29999999999967
-59.00000000000009
-61.600000000000094
-69.39999999999974
-65.00000000000003
-9.699999999999982
-56.20000000000011
-50.30000000000008
-10.899999999999977
-41.40000000000006
-12.69999999999997
-69.4999999999997
-14.899999999999963
-34.40000000000009
-12.99999999999997
-78.8999999999998
-13.399999999999968
-44.900000000000084
-40.80000000000011
-42.800000000000104
-48.80000000000008
-53.7000000000001
-48.200000000000045
-75.09999999999968
-57.6000000000001
-11.499999999999975
-82.0999999999997
-11.699999999999974
-57.200000000000124
-11.199999999999976
-11.399999999999975
-93.69999999999965
-12.69999999999997
-66.19999999999996
-12.399999999999972
-11.399999999999975
-14.499999999999964
-51.2000000000001
-52.70000000000008
-12.099999999999973
-13.799999999999967
-13.399999999999968
-63.20000000000012
-13.199999999999969
-33.300000000000104
-10.599999999999978
-55.9000000000001
-62.00000000000008
-50.1000000000001
-46.8000000000001
-54.200000000000145
-10.599999999999978
-11.899999999999974
-52.50000000000009
-12.599999999999971
-71.0999999999997
-53.1000000000001
-8.999999999999984
-41.3000000000001
-12.99999999999997
-62.100000000000094
-10.799999999999978
-12.199999999999973
-84.99999999999974
-53.400000000000084
-54.10000000000011
-14.099999999999966
-67.39999999999988
-75.29999999999961
-11.299999999999976
-11.299999999999976
-56.40000000000012
-45.10000000000008
-59.90000000000009
-13.09999999999997
-71.8999999999997
-67.39999999999989
-12.499999999999972
-59.5000000000001
-72.09999999999968
-35.70000000000013
-67.59999999999987
-14.599999999999964
-49.10000000000012
-86.59999999999977
-10.999999999999977
-14.599999999999964
-59.2000000000001
-51.50000000000009
-88.69999999999965
-69.29999999999974
-41.400000000000055
-21.60000000000005
-82.19999999999975
-11.699999999999974
-45.400000000000134
-24.800000000000082
-10.599999999999978
-13.399999999999968
-61.8000000000001
-12.89999999999997
-13.999999999999966
-51.40000000000005
-34.600000000000094
-64.20000000000007
-46.000000000000064
-13.899999999999967
-55.20000000000008
-11.099999999999977
-10.19999999999998
-56.90000000000009
-13.899999999999967
-70.6999999999998
-59.60000000000009
-68.29999999999983
-64.10000000000014
-58.200000000000124
-61.10000000000013
-13.09999999999997
-49.400000000000084
-39.00000000000011
-30.00000000000012
-11.899999999999974
-58.500000000000135
-46.70000000000008
-43.90000000000012
-63.80000000000009
-64.2000000000001
-39.80000000000012
-12.299999999999972
-45.800000000000075
-43.500000000000085
-56.50000000000008
-78.9999999999997
-46.7000000000001
-10.899999999999977
-55.80000000000014
-54.2000000000001
-85.19999999999966
-78.99999999999977
-35.80000000000013
-13.399999999999968
-15.89999999999996
-64.00000000000007
-11.799999999999974
-67.59999999999988
-83.89999999999968
-35.20000000000007
-11.199999999999976
-12.499999999999972
-11.999999999999973
-12.499999999999972
-11.299999999999976
-35.40000000000009
-14.999999999999963
-62.1000000000001
-57.00000000000011
-14.099999999999966
-13.799999999999967
-12.79999999999997
-87.79999999999967
-66.49999999999993
-56.20000000000008
-41.30000000000007
-48.70000000000007
-64.00000000000009
-64.50000000000007
-87.99999999999964
-76.69999999999978
-13.599999999999968
-14.799999999999963
-10.699999999999978
-11.199999999999976
-12.299999999999972
-50.10000000000008
-75.1999999999997
-49.20000000000007
-46.70000000000013
-13.799999999999967
-91.79999999999964
-20.000000000000014
-52.500000000000085
-50.20000000000008
-11.899999999999974
-10.599999999999978
-81.49999999999974
-38.80000000000008
-88.8999999999997
-16.499999999999964
-54.000000000000085
-11.999999999999973
-65.69999999999999
-50.400000000000084
-55.300000000000104
-70.1999999999998
-14.099999999999966
-16.99999999999997
-48.10000000000007
-17.89999999999999
-49.40000000000009
-85.19999999999969
-14.699999999999964
-26.30000000000008
-43.40000000000008
-49.20000000000012
-10.799999999999978
-12.099999999999973
-13.399999999999968
-41.30000000000009
-11.499999999999975
-11.199999999999976
-12.89999999999997
-83.99999999999964
-12.89999999999997
-67.39999999999986
-13.599999999999968
-43.60000000000007
-77.29999999999963
-45.90000000000008
-12.399999999999972
-15.69999999999996
-13.599999999999968
-46.400000000000084
-52.90000000000011
-12.199999999999973
-11.099999999999977
-12.099999999999973
-21.400000000000034
-63.20000000000014
-59.100000000000094
-92.19999999999969
-48.200000000000095
-11.999999999999973
-11.699999999999974
-42.80000000000012
-55.70000000000012
-21.700000000000056
-24.500000000000092
-67.89999999999984
-101.99999999999963
-15.79999999999996
-58.00000000000009
-40.00000000000012
-62.20000000000014
-13.999999999999966
-63.4000000000001
-16.79999999999997
-48.500000000000085
-49.60000000000009
-65.10000000000002
-50.9000000000001
-51.50000000000007
-49.50000000000011
-10.699999999999978
-50.5000000000001
-12.99999999999997
-11.499999999999975
-56.400000000000084
-13.499999999999968
-11.599999999999975
-39.400000000000084
-58.30000000000009
-85.69999999999966
-20.700000000000045
-45.10000000000008
-55.0000000000001
-63.00000000000012
-45.1000000000001
-81.49999999999972
-11.899999999999974
-76.19999999999976
-13.899999999999967
-14.299999999999965
-54.70000000000008
-27.50000000000009
-12.199999999999973
-47.40000000000012
-48.80000000000008
-14.099999999999966
-11.999999999999973
-60.10000000000011
-53.600000000000136
-14.099999999999966
-37.90000000000009
-65.6
-50.3000000000001
-41.30000000000009
-49.0000000000001
-11.399999999999975
-95.99999999999964
-77.59999999999967
-12.599999999999971
-13.999999999999966
-66.9999999999999
-11.999999999999973
-13.299999999999969
-44.6000000000001
-47.80000000000009
-85.79999999999968
-44.10000000000009
-11.899999999999974
-43.30000000000012
-12.79999999999997
-47.40000000000011
-56.90000000000012
-12.499999999999972
-11.899999999999974
-13.499999999999968
-64.60000000000008
-46.400000000000105
-58.8000000000001
-57.20000000000008
-18.699999999999996
-76.69999999999979
-17.49999999999998
-63.000000000000156
-13.09999999999997
-13.199999999999969
-49.80000000000007
-11.599999999999975
-13.199999999999969
-16.699999999999967
-70.39999999999964
-10.499999999999979
-79.49999999999964
-67.59999999999984
-47.30000000000011
-65.4
-73.49999999999976
-36.20000000000007
-48.600000000000094
-10.899999999999977
-58.60000000000011
-50.70000000000009
-12.499999999999972
-58.500000000000114
-49.9000000000001
-14.499999999999964
-87.19999999999968
-46.3000000000001
-76.79999999999978
-57.20000000000013
-45.8000000000001
-59.4000000000001
-11.799999999999974
-32.500000000000085
-57.200000000000095
-12.79999999999997
-10.399999999999979
-8.599999999999985
-36.40000000000015
-44.80000000000007
-54.70000000000009
-13.599999999999968
-82.49999999999973
-11.599999999999975
-44.500000000000085
-15.59999999999996
-41.20000000000009
-17.59999999999998
-58.70000000000012
-38.3000000000001
-48.80000000000008
-12.99999999999997
-47.300000000000075
-54.6000000000001
-47.50000000000009
-18.19999999999999
-47.90000000000007
-55.200000000000074
-49.200000000000124
-12.399999999999972
-53.600000000000094
-10.699999999999978
-11.099999999999977
-11.199999999999976
-13.199999999999969
-16.699999999999967
-58.00000000000012
-15.299999999999962
-78.59999999999968
-50.10000000000014
-49.200000000000095
-10.699999999999978
-44.60000000000009
-40.80000000000011
-46.10000000000009
-12.199999999999973
-10.999999999999977
-50.100000000000065
-71.19999999999968
-34.400000000000084
-44.70000000000012
-53.900000000000105
-25.300000000000114
-49.9000000000001
-41.00000000000013
-63.30000000000012
-12.89999999999997
-12.99999999999997
-87.2999999999997
-51.0000000000001
-53.10000000000009
-67.79999999999984
-67.59999999999984
-11.499999999999975
-39.70000000000008
-71.49999999999976
-41.100000000000115
-52.90000000000008
-66.99999999999989
-12.499999999999972
-50.200000000000074
-48.00000000000011
-39.60000000000012
-43.800000000000075
-13.499999999999968
-11.299999999999976
-55.300000000000075
-14.499999999999964
-64.70000000000003
-12.79999999999997
-17.099999999999973
-42.90000000000006
-52.300000000000104
-12.599999999999971
-13.399999999999968
-28.900000000000095
-12.99999999999997
-56.30000000000011
-64.60000000000004
-53.9000000000001
-56.00000000000011
-48.00000000000014
-42.50000000000012
-54.60000000000009
-68.79999999999978
-10.399999999999979
-12.199999999999973
-59.80000000000009
-44.000000000000085
-44.500000000000064
-11.699999999999974
-11.899999999999974
-53.70000000000009
-69.59999999999977
-13.399999999999968
-12.099999999999973
-60.9000000000001
-11.299999999999976
-13.999999999999966
-16.89999999999997
-75.8999999999997
-57.000000000000085
-51.80000000000012
-14.299999999999965
-13.299999999999969
-55.20000000000013
-21.700000000000042
-65.99999999999996
-13.899999999999967
-60.3000000000001
-66.59999999999988
-41.70000000000014
-49.80000000000009
-14.099999999999966
-60.100000000000136
-79.29999999999963
-12.99999999999997
-35.800000000000125
-49.90000000000012
-11.199999999999976
-11.999999999999973
-17.199999999999974
-15.59999999999996
-48.20000000000011
-65.69999999999999
-63.80000000000011
-12.99999999999997
-11.499999999999975
-17.899999999999984
-16.89999999999997
-51.60000000000012
-10.599999999999978
-87.0999999999997
-12.299999999999972
-10.499999999999979
-62.500000000000114
-13.699999999999967
-10.599999999999978
-45.800000000000075
-49.500000000000114
-58.70000000000009
-46.30000000000008
-28.600000000000083
-46.800000000000104
-42.5000000000001
-41.90000000000008
-12.79999999999997
-56.20000000000009
-65.4
-48.60000000000007
-64.80000000000007
-12.69999999999997
-50.90000000000008
-63.0000000000001
-10.899999999999977
-50.50000000000011
-65.99999999999997
-12.599999999999971
-22.700000000000042
-11.299999999999976
-13.09999999999997
-51.90000000000009
-61.00000000000012
-19.50000000000001
-47.60000000000007
-42.50000000000007
-10.399999999999979
-54.80000000000012
-45.3000000000001
-44.40000000000008
-54.90000000000008
-30.300000000000114
-40.20000000000012
-15.399999999999961
-12.099999999999973
-12.399999999999972
-34.10000000000011
-81.0999999999996
-51.10000000000009
-54.90000000000008
-47.60000000000009
-15.59999999999996
-11.499999999999975
-13.699999999999967
-48.70000000000008
-15.399999999999961
-45.50000000000013
-12.299999999999972
-11.599999999999975
-12.99999999999997
-70.49999999999977
-44.40000000000008
-54.800000000000075
-12.199999999999973
-96.49999999999969
-32.60000000000012
-11.599999999999975
-12.89999999999997
-12.499999999999972
-78.89999999999976
-45.20000000000007
-39.100000000000186
-62.90000000000009
-59.50000000000009
-55.70000000000012
-84.09999999999977
-12.79999999999997
-46.00000000000008
-38.60000000000009
-13.799999999999967
-14.099999999999966
-83.19999999999965
-41.60000000000007
-69.69999999999969
-11.999999999999973
-56.60000000000013
-11.599999999999975
-16.79999999999997
-11.599999999999975
-43.70000000000013
-71.4999999999998
-14.999999999999963
-11.399999999999975
-19.70000000000001
-14.499999999999964
-48.60000000000009
-62.00000000000011
-13.899999999999967
-50.40000000000008
-12.199999999999973
-14.599999999999964
-12.399999999999972
-68.09999999999981
-12.69999999999997
-10.499999999999979
-46.60000000000009
-69.6999999999997
-88.99999999999973
-41.0000000000001
-15.99999999999996
-12.199999999999973
-14.099999999999966
-45.0000000000001
-51.8000000000001
-52.50000000000011
-14.199999999999966
-25.700000000000088
-32.80000000000011
-12.399999999999972
-55.500000000000114
-50.900000000000105
-48.70000000000011
-47.900000000000105
-14.999999999999963
-14.699999999999964
-16.399999999999963
-12.299999999999972
-42.50000000000009
-23.30000000000008
-11.199999999999976
-13.09999999999997
-56.8000000000001
-11.299999999999976
-14.699999999999964
-48.70000000000009
-48.70000000000009
-62.4000000000001
-64.30000000000005
-15.099999999999962
-74.0999999999998
-41.70000000000008
-24.1000000000001
-90.99999999999967
-51.30000000000012
-58.70000000000008
-14.199999999999966
-10.399999999999979
-48.20000000000011
-25.000000000000085
-11.699999999999974
-47.60000000000009
-79.89999999999971
-23.60000000000009
-13.199999999999969
-70.09999999999968
-16.399999999999963
-35.90000000000011
-14.599999999999964
-42.20000000000009
-14.399999999999965
-11.099999999999977
-53.90000000000012
-36.200000000000074
-64.70000000000007
-48.90000000000007
-47.2000000000001
-12.499999999999972
-49.00000000000008
-50.3000000000001
-60.800000000000104
-13.399999999999968
-48.60000000000009
-48.80000000000011
-46.400000000000155
-77.19999999999969
-23.50000000000008
-67.39999999999984
-10.899999999999977
-11.099999999999977
-11.399999999999975
-46.10000000000009
-79.7999999999997
-45.90000000000009
-52.50000000000011
-81.29999999999971
-18.9
-12.79999999999997
-32.8000000000001
-56.90000000000009
-15.499999999999961
-11.299999999999976
-51.20000000000011
-12.299999999999972
-15.69999999999996
-13.399999999999968
-33.60000000000008
-14.199999999999966
-33.10000000000009
-54.40000000000009
-22.200000000000067
-40.40000000000007
-10.899999999999977
-13.09999999999997
-14.699999999999964
-20.000000000000014
-11.799999999999974
-53.70000000000008
-12.89999999999997
-21.80000000000004
-56.80000000000011
-16.99999999999997
-44.60000000000009
-13.799999999999967
-12.89999999999997
-37.50000000000011
-75.1999999999998
-72.19999999999975
-12.399999999999972
-13.299999999999969
-19.700000000000024
-38.00000000000014
-64.40000000000005
-62.40000000000009
-13.299999999999969
-16.499999999999964
-12.89999999999997
-28.500000000000085
-69.69999999999972
-12.69999999999997
-46.600000000000115
-70.99999999999964
-15.79999999999996
-39.300000000000125
-16.89999999999997
-60.50000000000013
-12.69999999999997
-16.09999999999996
-14.899999999999963
-48.800000000000075
-44.00000000000008
-66.29999999999995
-44.90000000000007
-43.300000000000104
-14.699999999999964
-63.20000000000008
-25.800000000000125
-11.799999999999974
-59.00000000000012
-78.79999999999971
-9.699999999999982
-11.799999999999974
-60.20000000000012
-14.799999999999963
-20.300000000000022
-12.89999999999997
-19.900000000000013
-42.90000000000008
-76.09999999999961
-43.60000000000012
-16.499999999999964
-53.500000000000085
-61.60000000000013
-31.900000000000123
-14.899999999999963
-38.50000000000012
-39.9000000000001
-53.50000000000015
-20.700000000000024
-11.899999999999974
-29.300000000000104
-67.89999999999985
-15.59999999999996
-13.299999999999969
-69.29999999999974
-48.0000000000001
-45.20000000000008
-10.899999999999977
-75.7999999999996
-10.699999999999978
-12.79999999999997
-13.09999999999997
-39.20000000000011
-16.699999999999967
-44.4000000000001
-56.200000000000074
-10.699999999999978
-55.20000000000009
-48.00000000000011
-11.999999999999973
-39.90000000000012
-62.500000000000114
-12.599999999999971
-37.40000000000009
-53.100000000000094
-42.700000000000124
-15.89999999999996
-14.099999999999966
-48.7000000000001
-14.099999999999966
-49.70000000000012
-44.00000000000008
-11.599999999999975
-19.1
-52.90000000000008
-11.999999999999973
-71.49999999999969
-79.59999999999967
-11.999999999999973
-12.099999999999973
-9.799999999999981
-48.40000000000012
-89.59999999999961
-73.69999999999955
-59.20000000000012
-51.20000000000014
-45.50000000000008
-59.700000000000195
-12.199999999999973
-60.000000000000114
-43.100000000000115
-54.60000000000011
-14.099999999999966
-29.600000000000094
-61.80000000000012
-17.399999999999988
-54.100000000000115
-57.800000000000104
-20.800000000000033
-13.599999999999968
-43.800000000000125
-41.7000000000001
-13.899999999999967
-13.399999999999968
-40.90000000000012
-58.3000000000001
-11.199999999999976
-30.300000000000104
-9.99999999999998
-47.40000000000012
-55.90000000000017
-17.999999999999986
-46.60000000000012
-11.299999999999976
-11.699999999999974
-46.000000000000064
-14.399999999999965
-10.899999999999977
-12.499999999999972
-43.90000000000009
-19.900000000000013
-11.899999999999974
-46.80000000000009
-14.299999999999965
-17.399999999999977
-49.30000000000012
-11.499999999999975
-34.90000000000011
-32.40000000000012
-45.900000000000084
-60.50000000000008
-13.499999999999968
-42.40000000000009
-13.09999999999997
-41.30000000000013
-55.80000000000008
-20.00000000000003
-30.00000000000012
-17.199999999999978
-51.20000000000012
-12.199999999999973
-52.30000000000009
-43.60000000000009
-15.499999999999961
-17.49999999999998
-55.100000000000094
-14.099999999999966
-48.5000000000001
-48.70000000000009
-13.199999999999969
-14.099999999999966
-44.00000000000008
-14.699999999999964
-62.80000000000011
-57.700000000000124
-15.299999999999962
-14.299999999999965
-14.199999999999966
-11.499999999999975
-58.600000000000115
-12.299999999999972
-20.50000000000003
-60.20000000000011
-12.499999999999972
-11.799999999999974
-58.30000000000015
-45.00000000000009
-11.999999999999973
-62.90000000000011
-50.40000000000009
-45.10000000000008
-13.599999999999968
-54.70000000000011
-46.30000000000008
-35.60000000000008
-36.30000000000011
-55.30000000000009
-53.10000000000015
-15.89999999999996
-25.70000000000012
-17.399999999999977
-11.999999999999973
-37.100000000000115
-14.899999999999963
-12.89999999999997
-12.99999999999997
-10.09999999999998
-13.699999999999967
-52.100000000000094
-31.300000000000097
-63.20000000000016
-47.70000000000009
-44.10000000000009
-14.499999999999964
-40.700000000000124
-14.899999999999963
-12.99999999999997
-12.99999999999997
-15.099999999999962
-47.30000000000007
-12.89999999999997
-12.099999999999973
-11.999999999999973
-12.99999999999997
-61.300000000000075
-18.699999999999996
-43.700000000000074
-15.89999999999996
-49.00000000000013
-47.00000000000011
-13.899999999999967
-49.00000000000007
-49.10000000000009
-12.399999999999972
-53.30000000000008
-48.60000000000009
-25.300000000000104
-15.299999999999962
-16.99999999999997
-14.599999999999964
-18.799999999999997
-52.400000000000084
-70.8999999999997
-67.29999999999993
-51.700000000000095
-13.399999999999968
-55.000000000000135
-16.89999999999997
-85.6999999999997
-15.89999999999996
-53.00000000000014
-14.399999999999965
-41.500000000000114
-52.400000000000084
-9.699999999999982
-15.59999999999996
-11.999999999999973
-52.300000000000104
-50.900000000000084
-59.20000000000011
-13.399999999999968
-18.29999999999999
-39.80000000000008
-10.29999999999998
-14.599999999999964
-15.299999999999962
-20.800000000000026
-50.0000000000001
-16.19999999999996
-45.600000000000115
-43.300000000000104
-39.700000000000074
-15.99999999999996
-44.20000000000013
-47.10000000000009
-51.10000000000009
-10.999999999999977
-45.80000000000011
-51.2000000000001
-43.3000000000001
-46.60000000000008
-13.499999999999968
-16.499999999999964
-16.99999999999997
-11.299999999999976
-17.899999999999984
-11.999999999999973
-17.49999999999998
-14.599999999999964
-82.19999999999966
-58.20000000000009
-58.60000000000011
-46.70000000000014
-13.699999999999967
-64.80000000000005
-12.299999999999972
-21.300000000000033
-50.500000000000114
-15.399999999999961
-11.199999999999976
-44.50000000000008
-42.10000000000006
-21.80000000000004
-59.50000000000012
-50.900000000000134
-50.70000000000013
-44.900000000000084
-13.999999999999966
-19.30000000000002
-34.7000000000001
-16.399999999999963
-54.50000000000009
-61.70000000000014
-53.00000000000009
-42.500000000000085
-51.60000000000008
-50.80000000000011
-35.20000000000009
-14.599999999999964
-11.499999999999975
-51.300000000000104
-54.800000000000104
-12.69999999999997
-14.999999999999963
-28.60000000000007
-27.30000000000014
-33.800000000000125
-47.500000000000135
-59.80000000000012
-12.69999999999997
-11.199999999999976
-11.199999999999976
-12.499999999999972
-35.500000000000114
-46.30000000000008
-38.50000000000007
-57.20000000000011
-46.200000000000095
-15.69999999999996
-9.99999999999998
-44.20000000000007
-15.599999999999964
-15.499999999999961
-18.3
-40.000000000000085
-13.299999999999969
-43.7000000000001
-12.69999999999997
-84.09999999999965
-46.00000000000015
-15.099999999999962
-14.799999999999963
-58.20000000000012
-21.00000000000003
-48.10000000000009
-48.50000000000012
-71.19999999999969
-50.600000000000115
-57.50000000000014
-14.099999999999966
-11.099999999999977
-11.599999999999975
-13.199999999999969
-17.399999999999977
-13.699999999999967
-56.000000000000064
-56.80000000000012
-14.299999999999965
-14.799999999999963
-50.900000000000105
-42.00000000000014
-14.199999999999966
-13.299999999999969
-15.99999999999996
-13.899999999999967
-27.300000000000132
-40.10000000000011
-16.89999999999997
-21.10000000000005
-49.60000000000012
-61.00000000000012
-54.00000000000008
-22.000000000000057
-12.099999999999973
-14.899999999999963
-49.500000000000114
-50.2000000000001
-44.70000000000008
-12.599999999999971
-57.500000000000085
-56.00000000000014
-11.099999999999977
-16.99999999999997
-46.80000000000008
-39.7000000000001
-13.499999999999968
-49.20000000000009
-12.199999999999973
-28.100000000000133
-11.399999999999975
-15.89999999999996
-15.59999999999996
-45.00000000000008
-57.80000000000009
-44.10000000000015
-15.79999999999996
-47.80000000000009
-41.10000000000009
-57.800000000000104
-31.20000000000012
-13.299999999999969
-64.20000000000009
-12.89999999999997
-53.0000000000001
-14.199999999999966
-10.799999999999978
-13.699999999999967
-17.69999999999998
-14.599999999999964
-35.700000000000095
-65.00000000000003
-12.69999999999997
-48.90000000000011
-14.199999999999966
-18.499999999999993
-56.00000000000009
-30.200000000000095
-12.89999999999997
-47.40000000000013
-59.80000000000015
-18.499999999999993
-17.899999999999988
-54.70000000000014
-13.999999999999966
-13.599999999999968
-55.300000000000175
-57.8000000000001
-16.599999999999966
-14.799999999999963
-15.199999999999962
-50.50000000000008
-14.899999999999963
-50.900000000000134
-66.59999999999995
-16.79999999999997
-42.70000000000011
-32.40000000000014
-16.699999999999967
-14.999999999999963
-72.79999999999964
-39.800000000000075
-13.499999999999968
-49.40000000000011
-13.399999999999968
-70.59999999999972
-10.999999999999977
-13.699999999999967
-16.599999999999966
-61.5000000000001
-57.50000000000015
-20.00000000000003
-52.20000000000013
-53.80000000000008
-38.90000000000013
-19.60000000000001
-45.30000000000011
-16.599999999999966
-13.899999999999967
-50.600000000000094
-46.80000000000012
-10.899999999999977
-56.500000000000114
-56.100000000000115
-13.299999999999969
-11.999999999999973
-48.3000000000001
-12.69999999999997
-58.8000000000001
-19.80000000000001
-54.70000000000012
-40.60000000000009
-13.399999999999968
-16.99999999999997
-63.90000000000013
-16.19999999999996
-15.199999999999962
-15.299999999999962
-52.80000000000011
-16.09999999999996
-13.199999999999969
-14.899999999999963
-14.299999999999965
-40.800000000000125
-57.10000000000011
-17.49999999999998
-52.00000000000009
-18.799999999999997
-18.19999999999999
-35.700000000000145
-15.89999999999996
-19.70000000000001
-59.2000000000001
-49.10000000000011
-43.20000000000019
-15.199999999999962
-16.29999999999996
-13.599999999999968
-88.99999999999967
-38.10000000000013
-18.599999999999994
-22.60000000000006
-18.19999999999999
-12.399999999999972
-11.499999999999975
-28.700000000000124
-50.00000000000018
-16.399999999999963
-34.00000000000012
-51.30000000000008
-44.700000000000095
-19.200000000000003
-19.300000000000004
-45.20000000000009
-48.20000000000011
-49.900000000000105
-55.40000000000011
-12.69999999999997
-21.600000000000037
-18.39999999999999
-46.6000000000001
-11.999999999999973
-17.999999999999986
-65.20000000000003
-15.399999999999961
-13.899999999999967
-48.300000000000104
-53.60000000000012
-14.999999999999963
-16.79999999999997
-40.60000000000006
-58.90000000000014
-18.599999999999998
-16.79999999999997
-10.999999999999977
-14.399999999999965
-17.399999999999977
-50.00000000000013
-24.800000000000082
-41.600000000000094
-11.399999999999975
-39.40000000000009
-13.999999999999966
-51.90000000000011
-78.9999999999994
-12.399999999999972
-12.299999999999972
-45.40000000000006
-32.300000000000125
-21.600000000000037
-24.500000000000092
-52.50000000000009
-57.2000000000001
-13.299999999999969
-16.599999999999966
-56.20000000000012
-14.199999999999966
-11.799999999999974
-67.99999999999979
-14.099999999999966
-65.30000000000004
-19.200000000000003
-43.300000000000075
-18.699999999999996
-23.00000000000008
-11.899999999999974
-11.099999999999977
-38.00000000000009
-17.699999999999985
-10.999999999999977
-48.200000000000095
-15.99999999999996
-58.90000000000013
-13.799999999999967
-13.899999999999967
-11.799999999999974
-23.00000000000007
-53.200000000000095
-15.59999999999996
-21.30000000000004
-80.39999999999974
-11.999999999999973
-13.399999999999968
-15.099999999999962
-15.99999999999996
-46.30000000000012
-13.399999999999968
-50.70000000000008
-61.2000000000001
-11.899999999999974
-74.19999999999969
-50.80000000000011
-15.299999999999962
-53.90000000000008
-63.90000000000014
-33.500000000000114
-17.199999999999974
-13.699999999999967
-43.10000000000013
-53.000000000000156
-37.80000000000011
-49.60000000000012
-34.300000000000125
-16.499999999999964
-57.3000000000001
-12.299999999999972
-10.999999999999977
-14.799999999999963
-15.59999999999996
-69.49999999999973
-45.400000000000105
-12.499999999999972
-54.30000000000009
-18.799999999999997
-13.899999999999967
-15.399999999999961
-42.90000000000008
-11.799999999999974
-26.600000000000094
-15.99999999999996
-47.2000000000001
-58.6000000000001
-34.1000000000001
-11.799999999999974
-52.0000000000001
-61.4000000000001
-13.299999999999969
-60.50000000000009
-64.60000000000007
-50.00000000000013
-48.10000000000008
-36.70000000000015
-22.80000000000008
-12.099999999999973
-11.099999999999977
-17.69999999999998
-16.89999999999997
-49.20000000000011
-17.999999999999986
-13.499999999999968
-15.59999999999996
-33.400000000000105
-11.499999999999975
-26.800000000000086
-12.69999999999997
-15.399999999999961
-19.400000000000006
-12.79999999999997
-12.89999999999997
-85.39999999999957
-32.2000000000001
-56.90000000000013
-18.499999999999993
-22.60000000000005
-16.99999999999997
-13.199999999999969
-20.10000000000003
-14.099999999999966
-46.7000000000001
-13.499999999999968
-17.49999999999998
-42.600000000000094
-55.8000000000001
-21.600000000000037
-60.70000000000013
-45.4000000000001
-14.699999999999964
-61.200000000000095
-60.40000000000011
-30.00000000000011
-16.19999999999996
-34.70000000000015
-11.799999999999974
-58.70000000000011
-56.40000000000012
-13.199999999999969
-45.30000000000011
-13.09999999999997
-13.999999999999966
-16.699999999999967
-68.29999999999981
-61.10000000000016
-14.399999999999965
-17.399999999999977
-54.20000000000007
-74.99999999999963
-43.300000000000104
-14.299999999999965
-17.299999999999976
-10.999999999999977
-48.30000000000014
-15.99999999999996
-43.00000000000009
-11.499999999999975
-44.10000000000011
-11.299999999999976
-48.90000000000011
-13.399999999999968
-13.899999999999967
-69.29999999999974
-50.60000000000008
-65.79999999999997
-18.19999999999999
-22.700000000000053
-13.399999999999968
-26.1000000000001
-63.300000000000125
-57.500000000000135
-17.49999999999998
-21.80000000000004
-12.69999999999997
-18.9
-50.50000000000009
-26.500000000000103
-15.69999999999996
-44.90000000000008
-10.899999999999977
-53.100000000000115
-12.299999999999972
-52.800000000000104
-57.500000000000114
-15.199999999999962
-14.299999999999965
-18.099999999999987
-17.799999999999983
-11.999999999999973
-74.69999999999975
-38.40000000000007
-48.90000000000007
-44.400000000000084
-57.60000000000012
-17.899999999999984
-16.19999999999996
-45.70000000000009
-47.800000000000125
-48.10000000000009
-15.199999999999962
-26.200000000000124
-44.5000000000001
-35.300000000000125
-14.599999999999964
-25.200000000000113
-49.40000000000011
-19.1
-31.100000000000108
-40.80000000000015
-14.999999999999963
-10.399999999999979
-18.799999999999997
-18.19999999999999
-12.69999999999997
-21.600000000000037
-51.500000000000085
-21.600000000000037
-12.99999999999997
-11.899999999999974
-49.400000000000084
-46.20000000000013
-46.20000000000022
-61.200000000000095
-13.999999999999966
-48.3000000000001
-16.89999999999997
-11.899999999999974
-15.99999999999996
-13.199999999999969
-56.50000000000008
-25.700000000000117
-52.00000000000011
-18.599999999999994
-11.799999999999974
-19.1
-16.29999999999996
-48.400000000000084
-44.400000000000084
-16.499999999999964
-77.5999999999997
-15.499999999999961
-19.80000000000001
-21.300000000000047
-17.899999999999984
-11.399999999999975
-38.50000000000014
-14.499999999999964
-58.500000000000114
-14.999999999999963
-22.60000000000007
-60.10000000000009
-18.39999999999999
-48.500000000000085
-13.399999999999968
-38.60000000000006
-15.99999999999996
-54.10000000000008
-15.59999999999996
-48.50000000000011
-38.300000000000146
-18.9
-49.400000000000155
